0.10025884372280375 0.10046119911770604
0.10025884372280375 0.1022658913174253
0.10025884372280375 9.79546821736515e-2
9.071795328941251e-2 9.235235416855665e-2
9.071795328941251e-2 9.516465571985848e-2
9.071795328941251e-2 9.081012428558469e-2
8.20849986238988e-2 8.143162042357577e-2
8.20849986238988e-2 8.808077491380725e-2
8.20849986238988e-2 8.274503365621409e-2
7.427357821433388e-2 7.768865121806298e-2
7.427357821433388e-2 7.96197266785502e-2
7.427357821433388e-2 7.86541889483066e-2
6.720551273974976e-2 6.881720430107527e-2
6.720551273974976e-2 6.975806451612904e-2
6.720551273974976e-2 6.955645161290322e-2
6.081006262521795e-2 6.391000304043783e-2
6.081006262521795e-2 6.293706293706294e-2
6.081006262521795e-2 5.9045302523563395e-2
5.502322005640721e-2 5.7004511940134256e-2
5.502322005640721e-2 5.771981952239463e-2
5.502322005640721e-2 5.392318697039727e-2
4.9787068367863924e-2 5.3569650502837796e-2
4.9787068367863924e-2 5.103056855521258e-2
4.9787068367863924e-2 5.242457433037937e-2
4.504920239355778e-2 4.9373817461032525e-2
4.504920239355778e-2 4.617533111091089e-2
4.504920239355778e-2 4.513920172988557e-2
4.076220397836619e-2 4.2188073207516406e-2
4.076220397836619e-2 4.292177882851669e-2
4.076220397836619e-2 4.312558594546122e-2
3.688316740123998e-2 3.957511157009553e-2
3.688316740123998e-2 3.8800575369748826e-2
3.688316740123998e-2 3.843174860767897e-2
3.337326996032605e-2 3.767854759044186e-2
3.337326996032605e-2 3.4140969162995596e-2
3.337326996032605e-2 3.364036844213056e-2
3.0197383422318473e-2 3.18888721123358e-2
3.0197383422318473e-2 3.1315113996678245e-2
3.0197383422318473e-2 3.158689415672656e-2
2.7323722447292535e-2 2.9263894201868954e-2
2.7323722447292535e-2 2.8252909995081697e-2
2.7323722447292535e-2 2.7979671020274332e-2
2.4723526470339364e-2 2.5836279575741094e-2
2.4723526470339364e-2 2.5267634187949663e-2
2.4723526470339364e-2 2.5069844487848294e-2
2.237077185616557e-2 2.241560591485649e-2
2.237077185616557e-2 2.3780228630231985e-2
2.237077185616557e-2 2.393682467953737e-2
2.0241911445804363e-2 2.0464758511801143e-2
2.0241911445804363e-2 2.0970810898344197e-2
2.0241911445804363e-2 2.2671146917128862e-2
1.8315638888734147e-2 1.8443899043921023e-2
1.8315638888734147e-2 1.9524524707864758e-2
1.8315638888734147e-2 1.9139895234257666e-2
1.6572675401761224e-2 1.6572754391779913e-2
1.6572675401761224e-2 1.890951276102088e-2
1.6572675401761224e-2 1.6755054690089494e-2
1.4995576820477691e-2 1.5190594727529016e-2
1.4995576820477691e-2 1.5775425126713254e-2
1.4995576820477691e-2 1.5775425126713254e-2
1.356855901220091e-2 1.3514246947082769e-2
1.356855901220091e-2 1.396200814111262e-2
1.356855901220091e-2 1.4409769335142469e-2
1.2277339903068415e-2 1.3333169635731912e-2
1.2277339903068415e-2 1.2412370627739377e-2
1.2277339903068415e-2 1.2326429386993408e-2
1.1108996538242287e-2 1.2086605863336925e-2
1.1108996538242287e-2 1.1342302009620405e-2
1.1108996538242287e-2 1.1720008442849685e-2
1.0051835744633567e-2 1.0373527401391178e-2
1.0051835744633567e-2 1.063487595995336e-2
1.0051835744633567e-2 1.050420168067227e-2
9.0952771016958e-3 9.586437101512546e-3
9.0952771016958e-3 9.186244281335552e-3
9.0952771016958e-3 9.186244281335552e-3
8.229747049020008e-3 8.616574767508847e-3
8.229747049020008e-3 8.451979260966176e-3
8.229747049020008e-3 8.262694428442104e-3
7.446583070924324e-3 7.50614342095465e-3
7.446583070924324e-3 7.118921736540323e-3
7.446583070924324e-3 7.491250279246407e-3
6.737946999085455e-3 6.609933092114572e-3
6.737946999085455e-3 6.926616940564506e-3
6.737946999085455e-3 6.650360817448606e-3
6.096746565515622e-3 5.724841789516041e-3
6.096746565515622e-3 6.145517064783992e-3
6.096746565515622e-3 5.798002706953945e-3
5.516564420760757e-3 5.715168365770775e-3
5.516564420760757e-3 5.648969504391191e-3
5.516564420760757e-3 5.240743192550422e-3
4.991593906910204e-3 4.831858318732935e-3
4.991593906910204e-3 4.906732156316607e-3
4.991593906910204e-3 5.041505063967215e-3
4.516580942612658e-3 4.475940128090476e-3
4.516580942612658e-3 4.566271916750224e-3
4.516580942612658e-3 4.5391723801523e-3
4.086771438464056e-3 3.9437333464109985e-3
4.086771438464056e-3 4.434145783270397e-3
4.086771438464056e-3 3.8333905481176336e-3
3.697863716482919e-3 3.601724686235791e-3
3.697863716482919e-3 3.683077810565552e-3
3.697863716482919e-3 3.5351630390568953e-3
3.3459654574712634e-3 3.1887093590125372e-3
3.3459654574712634e-3 3.366045766176928e-3
3.3459654574712634e-3 3.2388989082100064e-3
3.027554745375807e-3 3.0245231607629428e-3
3.027554745375807e-3 2.976082349379352e-3
3.027554745375807e-3 2.8701180744777474e-3
2.739444818768361e-3 2.692877708287105e-3
2.739444818768361e-3 2.744927226555116e-3
2.739444818768361e-3 2.827110676451976e-3
2.47875217666635e-3 2.4861871605660474e-3
2.47875217666635e-3 2.359770864266079e-3
2.47875217666635e-3 2.387037124252347e-3
2.242867719485795e-3 2.099323102871318e-3
2.242867719485795e-3 2.251838029148294e-3
2.242867719485795e-3 2.211466431016153e-3
2.0294306362957284e-3 1.9502830041258328e-3
2.0294306362957284e-3 1.9584007273480007e-3
2.0294306362957284e-3 1.99898934345884e-3
1.8363047770289006e-3 1.674709680262665e-3
1.8363047770289006e-3 1.8491586052900258e-3
1.8363047770289006e-3 1.7224535965859426e-3
1.6615572731739296e-3 1.6067259842650517e-3
1.6615572731739296e-3 1.5170018858676236e-3
1.6615572731739296e-3 1.5718332793327185e-3
1.5034391929775672e-3 1.3876736095450295e-3
1.5034391929775672e-3 1.4583352126312879e-3
1.5034391929775672e-3 1.4027079931804036e-3
1.3603680375478878e-3 1.2977914419224725e-3
1.3603680375478878e-3 1.333161020004217e-3
1.3603680375478878e-3 1.2882688632081568e-3
1.2309119026734767e-3 1.2038315817460728e-3
1.2309119026734767e-3 1.1681351442505347e-3
1.2309119026734767e-3 1.061045831763921e-3
1.1137751478447993e-3 1.0257872443745983e-3
1.1137751478447993e-3 9.879188770469801e-4
1.1137751478447993e-3 1.0168770402975117e-3
1.0077854290485068e-3 8.98944345065632e-4
1.0077854290485068e-3 9.332090398327077e-4
1.0077854290485068e-3 9.27162328991459e-4
9.118819655545121e-4 8.289008264387447e-4
9.118819655545121e-4 8.179582412712366e-4
9.118819655545121e-4 8.334602369252065e-4
8.251049232659009e-4 7.541459462180076e-4
8.251049232659009e-4 7.434195815562635e-4
8.251049232659009e-4 7.607467860098501e-4
7.465858083766766e-4 7.23441521063795e-4
7.465858083766766e-4 6.502761247126578e-4
7.465858083766766e-4 6.443034392962384e-4
6.755387751938414e-4 6.241977977437006e-4
6.755387751938414e-4 6.052827129635885e-4
6.755387751938414e-4 6.02580557995001e-4
6.112527611295696e-4 5.59907676358693e-4
6.112527611295696e-4 5.611301822022709e-4
6.112527611295696e-4 5.617414351240599e-4
5.530843701478311e-4 5.099439061703213e-4
5.530843701478311e-4 5.182401736242853e-4
5.530843701478311e-4 4.944575402562551e-4
5.004514334406087e-4 4.3639362705160057e-4
5.004514334406087e-4 4.263845989082152e-4
5.004514334406087e-4 4.5641168333837123e-4
4.5282718288679495e-4 3.9577095638911985e-4
4.5282718288679495e-4 4.1252556209438006e-4
4.5282718288679495e-4 4.039218456511383e-4
4.097349789797846e-4 3.298366550547775e-4
4.097349789797846e-4 3.7695617720545996e-4
4.097349789797846e-4 3.503234038159438e-4
3.707435404590866e-4 3.110538683014976e-4
3.707435404590866e-4 3.051219709322199e-4
3.707435404590866e-4 3.1290758622939686e-4
3.3546262790251066e-4 3.0560645269071216e-4
3.3546262790251066e-4 2.945361860180519e-4
3.3546262790251066e-4 2.9956812541471567e-4
3.0353913807886515e-4 2.728816913686823e-4
3.0353913807886515e-4 2.728816913686823e-4
3.0353913807886515e-4 2.868444920393824e-4
2.746535699721406e-4 2.4746288743322483e-4
2.746535699721406e-4 2.3922327963855588e-4
2.746535699721406e-4 2.4306842994273472e-4
2.48516827107951e-4 2.0850563835032526e-4
2.48516827107951e-4 2.244107168418876e-4
2.48516827107951e-4 2.2391368313902629e-4
2.24867324178847e-4 1.886636742823978e-4
2.24867324178847e-4 1.8911340890524024e-4
2.24867324178847e-4 1.9068748008518874e-4
2.0346836901064308e-4 1.7091342441526755e-4
2.0346836901064308e-4 1.8271458943441696e-4
2.0346836901064308e-4 1.749827916632501e-4
1.8410579366757822e-4 1.5280779724798681e-4
1.8410579366757822e-4 1.631177209177305e-4
1.8410579366757822e-4 1.642223555966316e-4
1.6658581098763235e-4 1.4809479132794217e-4
1.6658581098763235e-4 1.5125992185126153e-4
1.6658581098763235e-4 1.532589516554632e-4
1.5073307509547596e-4 1.3912662844477834e-4
1.5073307509547596e-4 1.30685576231444e-4
1.5073307509547596e-4 1.3656416616573042e-4
1.3638892648201067e-4 1.1743085832001041e-4
1.3638892648201067e-4 1.1265724619318071e-4
1.3638892648201067e-4 1.1811280290955751e-4
1.2340980408667867e-4 1.0502174233908966e-4
1.2340980408667867e-4 1.0995813445843582e-4
1.2340980408667867e-4 1.1501793638076565e-4
1.1166580849011418e-4 9.569759470739818e-5
1.1166580849011418e-4 9.257095217320082e-5
1.1166580849011418e-4 1.0005256109431596e-4
1.010394018370927e-4 8.41658222298608e-5
1.010394018370927e-4 8.568141326641292e-5
1.010394018370927e-4 9.07333833882533e-5
